27.0
26.0
27.0
28.0178514522438
31.064449134018133
38.118237105091836
44.181444068749045
42.2965719651132
35.35533905932738
31.400636936215164
30.4138126514911
29.427877939124322
27.65863337187866
27.65863337187866
26.92582403567252
27.892651361962706
29.120439557122072
28.160255680657446
29.410882339705484
29.732137494637012
31.016124838541646
31.016124838541646
31.016124838541646
30.463092423455635
29.546573405388315
27.313000567495326
26.40075756488817
25.942243542145693
24.596747752497688
23.706539182259394
23.323807579381203
21.095023109728988
21.095023109728988
19.4164878389476
18.027756377319946
17.204650534085253
17.204650534085253
16.401219466856727
16.401219466856727
17.029386365926403
17.029386365926403
17.69180601295413
18.439088914585774
19.1049731745428
19.1049731745428
19.79898987322333
19.1049731745428
19.1049731745428
17.69180601295413
18.439088914585774
18.439088914585774
18.439088914585774
17.804493814764857
18.601075237738275
17.204650534085253
18.601075237738275
18.601075237738275
18.867962264113206
20.248456731316587
18.867962264113206
19.72308292331602
19.235384061671343
18.35755975068582
18.788294228055936
17.88854381999832
17.0
17.08800749063506
17.08800749063506
18.027756377319946
17.08800749063506
17.08800749063506
17.08800749063506
16.76305461424021
16.76305461424021
15.524174696260024
15.524174696260024
15.297058540778355
14.317821063276353
13.152946437965905
13.341664064126334
13.152946437965905
13.152946437965905
11.045361017187261
11.045361017187261
12.041594578792296
13.038404810405298
13.038404810405298
11.045361017187261
11.0
12.0
13.0
15.0
18.027756377319946
20.024984394500787
22.02271554554524
23.08679276123039
23.08679276123039
22.20360331117452
22.20360331117452
21.37755832643195
20.396078054371138
20.396078054371138
20.396078054371138
21.587033144922902
21.587033144922902
22.80350850198276
22.80350850198276
20.8806130178211
22.135943621178654
22.135943621178654
22.135943621178654
22.47220505424423
20.615528128088304
21.540659228538015
20.615528128088304
18.384776310850235
19.235384061671343
17.0
17.0
15.652475842498529
15.264337522473747
13.892443989449804
13.892443989449804
14.422205101855956
15.0
15.0
15.0
16.401219466856727
16.401219466856727
16.401219466856727
17.029386365926403
16.278820596099706
18.439088914585774
17.69180601295413
18.384776310850235
16.97056274847714
17.69180601295413
18.384776310850235
19.1049731745428
19.209372712298546
19.849433241279208
20.615528128088304
19.849433241279208
20.0
20.0
19.4164878389476
19.4164878389476
20.248456731316587
18.867962264113206
20.248456731316587
21.95449840010015
21.470910553583888
22.360679774997898
22.825424421026653
24.596747752497688
25.079872407968907
25.079872407968907
26.0
25.632011235952593
25.632011235952593
25.632011235952593
25.298221281347036
25.298221281347036
25.298221281347036
25.0
23.769728648009426
23.769728648009426
24.73863375370596
23.53720459187964
25.317977802344327
24.331050121192877
27.294688127912362
27.294688127912362
45.27692569068709
40.19950248448356
35.12833614050059
30.14962686336267
28.071337695236398
26.019223662515376
26.0
25.0
26.0
27.018512172212592
29.068883707497267
33.13608305156178
38.118237105091836
42.190046219457976
41.30375285612676
26.30589287593181
25.495097567963924
24.331050121192877
24.515301344262525
23.53720459187964
22.561028345356956
23.53720459187964
23.769728648009426
25.0
25.298221281347036
26.248809496813376
26.570660511172846
26.570660511172846
26.570660511172846
26.92582403567252
26.92582403567252
25.079872407968907
24.166091947189145
23.259406699226016
23.706539182259394
23.706539182259394
21.470910553583888
20.591260281974
19.72308292331602
19.72308292331602
18.867962264113206
19.4164878389476
19.4164878389476
19.209372712298546
18.601075237738275
20.0
19.209372712298546
18.439088914585774
18.439088914585774
19.1049731745428
18.439088914585774
17.69180601295413
16.97056274847714
16.97056274847714
16.97056274847714
17.69180601295413
16.278820596099706
17.029386365926403
15.0
15.0
15.0
14.422205101855956
14.422205101855956
15.264337522473747
15.264337522473747
15.264337522473747
14.7648230602334
14.7648230602334
15.264337522473747
17.0
17.88854381999832
18.788294228055936
19.697715603592208
21.93171219946131
21.93171219946131
21.93171219946131
22.47220505424423
23.40939982143925
23.08679276123039
23.08679276123039
22.80350850198276
22.135943621178654
21.840329667841555
21.840329667841555
21.587033144922902
21.37755832643195
21.37755832643195
21.37755832643195
22.20360331117452
22.20360331117452
22.090722034374522
22.090722034374522
23.08679276123039
21.02379604162864
20.024984394500787
18.027756377319946
14.0
11.0
12.0
11.0
12.041594578792296
12.041594578792296
12.041594578792296
11.045361017187261
11.180339887498949
11.045361017187261
11.045361017187261
12.165525060596439
12.165525060596439
13.341664064126334
13.341664064126334
14.317821063276353
15.524174696260024
15.524174696260024
15.811388300841896
15.811388300841896
16.76305461424021
15.811388300841896
16.15549442140351
16.15549442140351
16.55294535724685
16.55294535724685
16.55294535724685
17.0
16.55294535724685
17.0
17.0
17.4928556845359
17.0
17.4928556845359
18.027756377319946
18.027756377319946
18.027756377319946
17.804493814764857
17.204650534085253
17.804493814764857
17.804493814764857
17.804493814764857
17.804493814764857
18.439088914585774
19.1049731745428
19.1049731745428
19.79898987322333
20.518284528683193
21.2602916254693
21.2602916254693
22.67156809750927
22.67156809750927
22.80350850198276
23.600847442411894
25.0
26.40075756488817
25.80697580112788
26.076809620810597
26.627053911388696
26.076809620810597
26.419689627245813
27.784887978899608
28.653097563788805
29.068883707497267
30.4138126514911
29.966648127543394
30.870698080866262
31.78049716414141
32.69556544854363
32.31098884280702
31.953090617340916
31.016124838541646
30.675723300355934
29.410882339705484
28.160255680657446
26.92582403567252
25.96150997149434
23.769728648009426
22.80350850198276
22.561028345356956
22.561028345356956
24.331050121192877
25.317977802344327
27.16615541441225
34.23448553724738
45.27692569068709
39.20459156782532
32.0624390837628
29.017236257093817
28.0
26.0
