26.68332812825267
15.811388300841896
24.839484696748443
29.410882339705484
28.844410203711913
23.323807579381203
17.204650534085253
18.439088914585774
17.69180601295413
17.204650534085253
19.72308292331602
17.08800749063506
16.76305461424021
13.152946437965905
11.40175425099138
11.180339887498949
21.095023109728988
20.396078054371138
20.808652046684813
17.69180601295413
14.422205101855956
15.0
18.439088914585774
19.1049731745428
20.0
21.840329667841555
25.079872407968907
25.298221281347036
21.213203435596427
14.7648230602334
25.0
15.264337522473747
20.12461179749811
26.248809496813376
25.0
20.518284528683193
19.209372712298546
19.1049731745428
17.69180601295413
14.422205101855956
14.212670403551895
18.788294228055936
21.633307652783937
21.37755832643195
20.248456731316587
10.295630140987
11.045361017187261
13.341664064126334
15.811388300841896
16.55294535724685
17.4928556845359
17.804493814764857
18.384776310850235
21.2602916254693
26.40075756488817
27.65863337187866
31.064449134018133
29.410882339705484
20.591260281974
14.317821063276353
