22.0
22.0
21.84
21.02
21.1
22.09
22.09
21.21
21.21
22.09
22.36
21.38
21.59
21.59
21.47
20.88
21.84
20.88
22.09
21.19
22.2
21.54
21.54
21.93
21.93
21.93
21.02
21.26
20.59
21.84
21.95
21.84
21.1
21.63
21.63
22.2
22.2
21.4
22.8
22.8
22.02
22.02
21.26
21.21
21.26
21.21
19.85
14.87
10.0
5.0
5.0
10.0
15.0
19.42
21.63
21.63
21.95
22.47
21.84
21.47
21.84
21.47
21.38
21.02
21.93
21.93
22.85
22.2
22.09
22.09
21.1
21.84
21.02
21.84
21.0
21.02
20.4
21.02
21.1
20.22
21.19
21.1
21.21
20.02
20.88
21.1
21.02
21.02
21.0
21.0
21.02
21.02
20.88
21.1
21.1
21.1
21.1
21.1
21.38
21.02
21.02
21.59
21.0
21.59
21.02
22.02
21.1
22.09
22.2
22.2
22.2
21.54
21.93
21.93
21.02
21.02
21.47
22.67
21.95
21.84
21.1
22.14
21.63
19.42
14.42
9.43
5.0
5.0
9.9
14.21
19.85
21.21
21.1
21.93
20.52
21.63
22.67
21.26
22.8
22.8
21.4
20.81
20.81
22.2
21.1
22.47
21.93
21.84
21.47
22.02
22.8
21.47
21.93
21.93
21.93
21.54
22.2
21.54
21.19
21.1
20.88
21.84
21.84
21.84
21.38
21.38
21.38
21.38
22.02
21.21
22.2
22.09
22.09
21.1
21.84
22.0
22.0
21.59
21.0
22.0
21.84
22.09
22.09
22.09
22.09
22.2
21.54
22.2
22.8
21.93
21.47
21.47
21.47
21.84
21.1
20.88
21.19
21.54
21.4
20.62
20.62
20.62
20.12
21.02
21.26
20.59
20.88
21.1
21.1
20.25
20.25
20.81
21.54
21.4
20.62
21.02
20.62
20.62
20.12
20.59
21.93
21.95
22.47
21.63
21.63
22.2
22.2
22.02
21.4
22.02
22.2
20.81
21.26
21.63
21.63
21.63
21.1
21.84
20.59
21.26
22.36
21.47
21.93
21.93
21.54
21.54
21.54
21.54
21.19
22.14
22.09
21.84
21.84
21.84
21.59
21.93
22.36
22.36
22.09
21.1
21.1
22.09
21.1
22.02
22.02
21.02
21.02
21.0
21.0
21.0
22.09
22.09
21.1
22.09
21.21
21.21
22.09
22.36
22.36
21.59
21.59
21.59
21.47
21.84
21.84
21.84
21.19
21.19
22.2
21.54
21.93
21.93
21.93
21.47
21.26
21.47
21.84
21.47
22.47
21.1
21.21
21.1
22.2
22.02
21.4
22.8
20.0
14.42
10.3
5.39
5.0
9.22
14.21
19.21
20.52
21.47
21.26
21.93
21.4
21.93
21.4
22.2
21.1
21.63
20.88
21.1
20.59
20.52
20.59
21.26
19.7
20.62
21.02
20.62
20.81
21.19
21.54
21.63
21.1
20.88
21.84
20.59
21.47
21.47
21.93
22.36
22.85
22.36
22.2
22.09
22.09
22.09
21.1
22.02
22.0
21.0
