21.840329667841555
22.02271554554524
21.840329667841555
21.02379604162864
21.095023109728988
22.090722034374522
21.095023109728988
21.095023109728988
21.213203435596427
22.090722034374522
22.360679774997898
21.37755832643195
21.37755832643195
22.360679774997898
20.615528128088304
21.587033144922902
22.02271554554524
21.18962010041709
22.090722034374522
21.18962010041709
21.540659228538015
21.18962010041709
21.213203435596427
20.615528128088304
21.37755832643195
22.360679774997898
21.470910553583888
22.360679774997898
21.2602916254693
20.591260281974
21.840329667841555
21.095023109728988
21.93171219946131
21.095023109728988
21.18962010041709
21.2602916254693
20.808652046684813
21.400934559032695
21.400934559032695
21.400934559032695
20.615528128088304
22.02271554554524
20.518284528683193
21.2602916254693
21.213203435596427
22.47220505424423
21.213203435596427
21.470910553583888
21.2602916254693
21.400934559032695
21.2602916254693
21.2602916254693
21.93171219946131
21.400934559032695
20.808652046684813
20.248456731316587
21.93171219946131
21.633307652783937
22.135943621178654
21.095023109728988
21.470910553583888
21.95449840010015
21.587033144922902
21.470910553583888
21.2602916254693
21.93171219946131
21.93171219946131
22.360679774997898
21.540659228538015
22.20360331117452
22.20360331117452
22.090722034374522
21.095023109728988
21.095023109728988
21.0
21.587033144922902
21.0
21.587033144922902
21.02379604162864
21.02379604162864
21.37755832643195
21.095023109728988
21.095023109728988
21.095023109728988
21.095023109728988
20.09975124224178
20.8806130178211
21.02379604162864
21.0
21.0
21.0
21.02379604162864
21.0
21.02379604162864
20.8806130178211
20.024984394500787
21.095023109728988
21.095023109728988
21.095023109728988
21.095023109728988
21.37755832643195
21.02379604162864
21.02379604162864
21.587033144922902
21.0
21.587033144922902
21.0
22.090722034374522
21.095023109728988
22.090722034374522
22.090722034374522
22.20360331117452
22.20360331117452
21.540659228538015
21.93171219946131
22.360679774997898
21.02379604162864
21.470910553583888
21.470910553583888
21.840329667841555
21.95449840010015
21.840329667841555
21.095023109728988
22.135943621178654
21.633307652783937
22.20360331117452
21.400934559032695
21.93171219946131
22.02271554554524
21.400934559032695
20.615528128088304
21.02379604162864
22.20360331117452
20.518284528683193
21.93171219946131
21.213203435596427
22.47220505424423
21.213203435596427
21.2602916254693
22.02271554554524
21.2602916254693
22.80350850198276
21.400934559032695
21.400934559032695
22.20360331117452
22.20360331117452
21.633307652783937
21.633307652783937
21.633307652783937
21.95449840010015
21.095023109728988
21.840329667841555
21.470910553583888
21.2602916254693
21.02379604162864
21.02379604162864
20.615528128088304
20.808652046684813
21.540659228538015
22.20360331117452
21.18962010041709
21.18962010041709
22.090722034374522
20.8806130178211
21.840329667841555
21.587033144922902
21.470910553583888
21.587033144922902
21.37755832643195
21.37755832643195
21.095023109728988
21.213203435596427
21.213203435596427
21.095023109728988
21.095023109728988
22.090722034374522
21.02379604162864
21.840329667841555
22.02271554554524
22.02271554554524
21.840329667841555
21.02379604162864
21.02379604162864
21.840329667841555
21.02379604162864
22.090722034374522
22.20360331117452
22.20360331117452
22.20360331117452
21.93171219946131
22.360679774997898
21.400934559032695
21.02379604162864
21.587033144922902
21.470910553583888
21.840329667841555
21.470910553583888
20.8806130178211
21.095023109728988
21.18962010041709
21.18962010041709
21.540659228538015
20.0
20.615528128088304
21.02379604162864
20.615528128088304
19.697715603592208
20.12461179749811
21.840329667841555
20.591260281974
20.518284528683193
19.72308292331602
20.8806130178211
20.248456731316587
21.095023109728988
20.248456731316587
21.400934559032695
21.02379604162864
21.400934559032695
21.02379604162864
21.470910553583888
21.470910553583888
21.2602916254693
21.470910553583888
21.095023109728988
21.213203435596427
21.633307652783937
21.633307652783937
21.633307652783937
22.47220505424423
22.02271554554524
21.400934559032695
21.400934559032695
22.02271554554524
22.20360331117452
21.2602916254693
21.18962010041709
21.095023109728988
21.93171219946131
21.840329667841555
20.591260281974
21.93171219946131
21.470910553583888
22.02271554554524
22.360679774997898
21.02379604162864
21.400934559032695
21.93171219946131
21.540659228538015
21.540659228538015
21.18962010041709
21.18962010041709
22.135943621178654
21.840329667841555
21.840329667841555
21.470910553583888
21.587033144922902
21.587033144922902
21.587033144922902
21.37755832643195
21.540659228538015
22.090722034374522
21.213203435596427
21.213203435596427
22.090722034374522
21.095023109728988
22.090722034374522
22.02271554554524
21.02379604162864
21.0
21.0
21.02379604162864
21.02379604162864
22.02271554554524
22.090722034374522
21.095023109728988
22.090722034374522
21.095023109728988
21.213203435596427
22.090722034374522
22.360679774997898
21.93171219946131
21.37755832643195
21.587033144922902
21.587033144922902
21.840329667841555
20.8806130178211
21.840329667841555
22.135943621178654
21.18962010041709
22.090722034374522
21.400934559032695
21.540659228538015
21.93171219946131
21.93171219946131
21.93171219946131
21.93171219946131
21.2602916254693
21.470910553583888
21.2602916254693
21.95449840010015
21.95449840010015
21.213203435596427
21.095023109728988
22.20360331117452
22.20360331117452
22.02271554554524
21.400934559032695
22.02271554554524
23.430749027719962
22.20360331117452
21.633307652783937
21.095023109728988
21.095023109728988
22.47220505424423
22.135943621178654
20.591260281974
20.518284528683193
21.2602916254693
21.02379604162864
20.615528128088304
20.615528128088304
21.400934559032695
21.02379604162864
21.400934559032695
22.20360331117452
21.540659228538015
20.808652046684813
21.18962010041709
21.095023109728988
21.095023109728988
21.095023109728988
21.470910553583888
21.470910553583888
20.12461179749811
20.615528128088304
20.615528128088304
20.808652046684813
21.93171219946131
20.615528128088304
20.248456731316587
20.248456731316587
20.8806130178211
20.8806130178211
20.591260281974
21.2602916254693
21.840329667841555
21.470910553583888
22.360679774997898
21.93171219946131
21.93171219946131
22.20360331117452
22.20360331117452
21.213203435596427
21.213203435596427
22.090722034374522
21.02379604162864
21.840329667841555
21.02379604162864
21.02379604162864
