0.91
0.8791666666666667
0.8908333333333334
0.9204166666666667
0.91375
0.91
0.8670833333333333
0.855
0.8858333333333334
0.8975
0.91
0.8908333333333334
0.8791666666666667
0.8758333333333334
0.8791666666666667
0.875
0.8791666666666667
0.8758333333333334
0.8791666666666667
0.91375
0.9145833333333333
0.8916666666666667
0.90125
0.8858333333333334
0.925
0.8791666666666667
0.8591666666666666
0.91
0.8908333333333334
0.8791666666666667
0.91
0.9204166666666667
0.91375
0.8791666666666667
0.8758333333333334
0.855
0.8091666666666668
0.8858333333333334
0.90125
0.8916666666666667
0.9145833333333333
0.8916666666666667
0.9225
0.8908333333333334
0.9204166666666667
0.875
0.9204166666666667
0.9316666666666666
0.9225
0.91375
0.91375
0.9175
0.90125
0.8858333333333334
0.8591666666666666
0.8791666666666667
0.8916666666666667
0.87
0.8945833333333333
0.88375
