22.0
22.0
22.02271554554524
21.02379604162864
21.095023109728988
22.090722034374522
21.095023109728988
21.095023109728988
21.095023109728988
22.360679774997898
22.360679774997898
21.37755832643195
21.37755832643195
21.37755832643195
20.615528128088304
21.840329667841555
21.840329667841555
22.135943621178654
22.135943621178654
21.18962010041709
21.540659228538015
21.18962010041709
22.47220505424423
21.540659228538015
21.93171219946131
21.02379604162864
21.470910553583888
22.360679774997898
21.470910553583888
20.591260281974
21.95449840010015
21.095023109728988
21.95449840010015
21.095023109728988
21.633307652783937
21.633307652783937
20.808652046684813
20.808652046684813
21.400934559032695
22.02271554554524
21.2602916254693
22.67156809750927
20.518284528683193
21.93171219946131
21.213203435596427
22.627416997969522
21.213203435596427
21.93171219946131
21.2602916254693
22.02271554554524
21.2602916254693
21.2602916254693
22.02271554554524
21.400934559032695
22.20360331117452
20.248456731316587
21.633307652783937
21.633307652783937
22.47220505424423
21.095023109728988
21.95449840010015
21.95449840010015
22.360679774997898
21.470910553583888
21.470910553583888
21.93171219946131
21.93171219946131
21.540659228538015
21.540659228538015
22.47220505424423
22.135943621178654
22.135943621178654
22.135943621178654
21.18962010041709
21.840329667841555
21.587033144922902
21.587033144922902
21.587033144922902
21.37755832643195
21.37755832643195
21.37755832643195
21.213203435596427
21.213203435596427
21.095023109728988
21.095023109728988
20.09975124224178
21.02379604162864
21.02379604162864
21.0
21.0
21.0
21.0
21.0
21.02379604162864
21.02379604162864
20.09975124224178
21.095023109728988
21.095023109728988
21.213203435596427
21.213203435596427
21.37755832643195
21.37755832643195
21.37755832643195
21.587033144922902
21.587033144922902
21.587033144922902
21.840329667841555
22.135943621178654
22.135943621178654
22.135943621178654
22.135943621178654
22.47220505424423
22.47220505424423
21.540659228538015
21.93171219946131
22.360679774997898
21.02379604162864
21.470910553583888
21.470910553583888
21.95449840010015
21.95449840010015
21.95449840010015
21.095023109728988
21.633307652783937
21.633307652783937
20.808652046684813
21.400934559032695
21.400934559032695
22.02271554554524
22.02271554554524
20.615528128088304
21.2602916254693
21.93171219946131
20.518284528683193
21.93171219946131
21.213203435596427
21.93171219946131
21.213203435596427
21.2602916254693
21.2602916254693
22.02271554554524
22.80350850198276
21.400934559032695
21.400934559032695
22.20360331117452
22.20360331117452
21.633307652783937
21.633307652783937
22.47220505424423
21.95449840010015
21.095023109728988
21.95449840010015
21.95449840010015
21.470910553583888
21.02379604162864
21.93171219946131
20.615528128088304
21.540659228538015
21.540659228538015
22.47220505424423
21.18962010041709
22.135943621178654
21.840329667841555
20.8806130178211
21.840329667841555
21.587033144922902
21.587033144922902
21.587033144922902
21.37755832643195
21.37755832643195
21.37755832643195
21.213203435596427
21.213203435596427
22.090722034374522
21.095023109728988
22.090722034374522
21.095023109728988
22.02271554554524
22.02271554554524
22.0
22.0
21.02379604162864
21.02379604162864
22.02271554554524
21.02379604162864
22.090722034374522
22.090722034374522
22.20360331117452
22.20360331117452
22.360679774997898
22.360679774997898
22.360679774997898
22.561028345356956
22.561028345356956
22.561028345356956
21.840329667841555
22.135943621178654
20.8806130178211
21.18962010041709
20.8806130178211
20.248456731316587
20.615528128088304
20.615528128088304
21.540659228538015
21.02379604162864
21.02379604162864
20.12461179749811
20.12461179749811
21.470910553583888
20.12461179749811
20.591260281974
19.72308292331602
21.095023109728988
20.248456731316587
21.095023109728988
20.248456731316587
19.4164878389476
21.400934559032695
22.02271554554524
21.2602916254693
22.02271554554524
21.93171219946131
21.2602916254693
21.213203435596427
21.93171219946131
21.93171219946131
21.213203435596427
21.93171219946131
23.345235059857504
22.67156809750927
22.02271554554524
22.02271554554524
22.02271554554524
22.20360331117452
21.400934559032695
21.633307652783937
21.633307652783937
22.47220505424423
22.47220505424423
21.95449840010015
21.95449840010015
21.95449840010015
21.470910553583888
22.360679774997898
22.360679774997898
21.02379604162864
21.93171219946131
21.93171219946131
21.540659228538015
21.540659228538015
21.18962010041709
21.18962010041709
22.135943621178654
21.840329667841555
21.840329667841555
21.840329667841555
21.587033144922902
21.587033144922902
21.37755832643195
21.37755832643195
22.360679774997898
22.20360331117452
21.213203435596427
21.213203435596427
22.090722034374522
21.095023109728988
22.090722034374522
21.02379604162864
21.02379604162864
21.02379604162864
21.0
21.02379604162864
21.02379604162864
22.02271554554524
22.090722034374522
21.095023109728988
22.090722034374522
21.213203435596427
21.213203435596427
22.20360331117452
22.360679774997898
22.561028345356956
22.561028345356956
21.587033144922902
21.587033144922902
21.840329667841555
21.840329667841555
21.840329667841555
22.135943621178654
21.18962010041709
22.135943621178654
22.47220505424423
22.47220505424423
21.93171219946131
21.93171219946131
22.360679774997898
21.93171219946131
21.470910553583888
21.470910553583888
21.470910553583888
21.95449840010015
21.95449840010015
21.633307652783937
21.095023109728988
21.633307652783937
21.633307652783937
22.20360331117452
21.400934559032695
22.20360331117452
23.430749027719962
22.67156809750927
22.67156809750927
22.67156809750927
21.213203435596427
22.627416997969522
22.627416997969522
21.93171219946131
21.93171219946131
21.2602916254693
21.2602916254693
20.615528128088304
20.615528128088304
21.400934559032695
21.400934559032695
20.615528128088304
21.400934559032695
21.633307652783937
20.808652046684813
21.095023109728988
21.095023109728988
21.095023109728988
21.470910553583888
21.470910553583888
20.591260281974
20.12461179749811
21.02379604162864
21.540659228538015
21.540659228538015
21.93171219946131
20.615528128088304
20.248456731316587
21.18962010041709
20.8806130178211
20.8806130178211
21.840329667841555
21.587033144922902
21.587033144922902
21.587033144922902
21.587033144922902
22.360679774997898
22.360679774997898
22.360679774997898
21.213203435596427
21.213203435596427
21.213203435596427
22.02271554554524
21.02379604162864
22.02271554554524
21.02379604162864
21.02379604162864
