26.93
26.02
26.02
27.29
22.85
18.11
15.81
16.64
20.52
22.02
24.21
25.0
25.61
25.5
26.4
26.83
27.89
28.46
29.41
30.68
30.68
31.02
30.53
29.68
29.41
27.73
26.4
25.94
24.84
23.71
22.83
21.95
20.25
18.87
18.03
16.64
15.81
15.81
15.62
16.76
17.03
18.38
17.69
17.46
17.89
19.1
19.8
18.79
17.69
18.44
18.38
17.8
19.21
18.6
18.6
18.03
18.44
19.42
18.87
18.36
18.36
19.42
17.89
17.89
17.89
17.46
17.46
16.55
17.46
17.09
17.09
16.76
16.76
16.49
16.49
15.52
14.56
14.32
13.34
13.15
13.04
13.15
11.18
11.18
11.4
12.53
12.04
11.0
10.82
10.82
10.82
12.08
14.21
15.56
17.8
19.42
21.47
21.21
21.1
21.21
21.38
20.22
21.59
21.59
21.59
22.47
20.25
20.81
20.81
20.0
19.21
19.1
19.72
18.36
17.46
16.28
16.28
15.81
14.21
13.6
13.6
13.6
13.89
14.42
14.42
15.81
15.0
15.0
15.62
17.03
17.03
17.03
17.49
17.03
17.69
18.38
19.1
19.1
18.44
19.85
19.85
19.85
19.31
20.0
19.42
18.97
19.42
18.97
18.87
19.72
20.88
21.95
22.83
23.26
23.71
24.6
25.08
25.81
26.0
25.63
25.63
25.3
25.3
25.3
24.19
24.04
22.83
22.83
21.21
20.52
19.1
18.38
15.81
15.81
14.76
18.25
25.08
26.25
26.02
25.96
25.0
25.96
26.25
26.08
22.36
18.03
15.26
15.81
17.2
18.38
19.8
19.8
20.59
22.36
22.83
23.71
25.0
26.25
26.25
26.25
26.57
26.57
26.63
26.0
25.0
24.17
23.71
23.26
22.83
21.47
21.1
19.72
19.65
19.42
18.97
20.0
18.6
18.97
20.0
19.42
18.44
18.44
17.69
18.79
17.49
16.28
17.89
17.69
17.03
17.03
15.62
15.62
16.4
15.0
15.0
14.42
15.0
14.42
14.42
14.42
15.0
14.21
15.62
16.28
17.46
16.97
18.79
18.44
18.87
18.87
20.81
22.2
22.8
21.1
21.63
22.47
22.8
21.38
21.38
21.38
21.38
22.2
21.21
22.2
21.1
19.42
17.03
15.56
13.04
11.18
10.82
10.82
11.05
11.66
11.66
11.4
10.82
11.05
10.2
11.18
12.37
12.17
13.34
13.34
14.32
14.56
15.52
15.81
16.76
17.09
17.03
16.16
16.16
16.16
16.55
16.55
15.65
17.0
17.0
17.0
17.49
17.46
17.03
16.64
17.2
17.8
18.6
17.2
17.8
17.03
17.46
17.69
17.69
18.44
19.24
21.1
21.21
21.47
21.26
22.36
23.26
23.26
22.8
24.84
25.08
24.41
25.24
25.46
25.55
26.91
26.42
27.66
28.65
29.07
29.41
31.11
30.46
31.06
31.38
31.89
31.95
31.62
29.41
29.07
27.2
25.94
23.71
22.36
21.47
19.8
19.8
17.03
15.26
15.26
14.76
18.44
19.24
25.32
27.02
25.96
