27.0
26.019223662515376
26.019223662515376
28.071337695236398
31.144823004794873
38.118237105091836
44.28317965096906
43.41658669218482
36.345563690772494
31.400636936215164
29.427877939124322
28.442925306655784
28.635642126552707
27.65863337187866
27.65863337187866
27.892651361962706
27.892651361962706
28.460498941515414
29.410882339705484
30.675723300355934
30.675723300355934
31.016124838541646
31.38470965295043
30.083217912982647
29.546573405388315
27.730849247724095
26.832815729997478
25.942243542145693
25.059928172283335
23.706539182259394
22.825424421026653
21.95449840010015
20.248456731316587
18.867962264113206
18.027756377319946
16.64331697709324
15.811388300841896
15.811388300841896
15.620499351813308
17.204650534085253
17.029386365926403
18.439088914585774
17.69180601295413
17.69180601295413
19.1049731745428
19.1049731745428
19.79898987322333
19.1049731745428
17.69180601295413
18.439088914585774
18.439088914585774
17.804493814764857
19.209372712298546
18.601075237738275
18.601075237738275
18.027756377319946
18.867962264113206
19.4164878389476
18.867962264113206
18.35755975068582
18.35755975068582
19.72308292331602
17.88854381999832
17.88854381999832
17.88854381999832
17.46424919657298
17.46424919657298
16.55294535724685
17.46424919657298
17.08800749063506
17.08800749063506
16.76305461424021
16.76305461424021
16.492422502470642
16.492422502470642
15.524174696260024
14.560219778561036
14.317821063276353
13.341664064126334
13.152946437965905
13.152946437965905
13.152946437965905
11.180339887498949
11.180339887498949
12.041594578792296
13.038404810405298
12.041594578792296
11.0
11.045361017187261
12.0
13.0
16.0312195418814
19.026297590440446
20.024984394500787
22.090722034374522
23.08679276123039
23.194827009486403
22.20360331117452
21.095023109728988
21.37755832643195
21.37755832643195
20.223748416156685
21.587033144922902
21.587033144922902
21.587033144922902
22.80350850198276
21.840329667841555
20.8806130178211
22.135943621178654
22.135943621178654
21.18962010041709
20.615528128088304
21.93171219946131
20.615528128088304
19.697715603592208
18.788294228055936
17.88854381999832
17.88854381999832
17.0
14.7648230602334
13.892443989449804
13.892443989449804
13.892443989449804
14.422205101855956
14.422205101855956
15.811388300841896
15.0
15.0
15.620499351813308
17.029386365926403
17.029386365926403
17.029386365926403
17.69180601295413
17.029386365926403
17.69180601295413
18.384776310850235
19.1049731745428
19.1049731745428
18.439088914585774
19.849433241279208
19.849433241279208
19.849433241279208
20.0
20.0
19.4164878389476
19.4164878389476
19.4164878389476
19.4164878389476
18.867962264113206
19.72308292331602
21.095023109728988
21.95449840010015
22.825424421026653
23.259406699226016
23.706539182259394
24.596747752497688
25.079872407968907
26.0
26.0
25.632011235952593
25.632011235952593
25.298221281347036
25.298221281347036
25.298221281347036
25.0
24.041630560342615
23.769728648009426
24.73863375370596
23.53720459187964
25.317977802344327
24.331050121192877
27.294688127912362
27.294688127912362
45.27692569068709
39.20459156782532
35.12833614050059
31.064449134018133
29.017236257093817
26.019223662515376
26.019223662515376
25.0
26.0
27.018512172212592
29.068883707497267
35.05709628591621
38.2099463490856
41.30375285612676
37.33630940518894
27.294688127912362
26.30589287593181
24.515301344262525
24.331050121192877
23.53720459187964
23.53720459187964
23.769728648009426
23.769728648009426
25.0
26.248809496813376
26.248809496813376
26.248809496813376
26.570660511172846
26.570660511172846
26.92582403567252
26.0
25.079872407968907
24.166091947189145
23.706539182259394
23.259406699226016
22.825424421026653
21.470910553583888
21.095023109728988
19.72308292331602
20.248456731316587
19.4164878389476
19.4164878389476
20.0
18.601075237738275
19.4164878389476
20.0
20.0
18.439088914585774
18.439088914585774
17.69180601295413
19.1049731745428
17.69180601295413
16.278820596099706
18.384776310850235
17.69180601295413
17.029386365926403
17.029386365926403
15.620499351813308
15.620499351813308
16.401219466856727
15.0
15.0
14.422205101855956
15.264337522473747
14.422205101855956
14.422205101855956
15.264337522473747
15.264337522473747
15.652475842498529
17.0
18.35755975068582
19.235384061671343
19.697715603592208
20.615528128088304
20.615528128088304
22.47220505424423
22.47220505424423
23.40939982143925
24.351591323771842
23.08679276123039
22.80350850198276
22.135943621178654
22.80350850198276
22.80350850198276
21.37755832643195
21.37755832643195
21.37755832643195
21.37755832643195
22.360679774997898
22.20360331117452
22.20360331117452
23.08679276123039
23.08679276123039
21.02379604162864
20.024984394500787
18.027756377319946
16.0312195418814
12.0
12.0
11.045361017187261
12.0
12.041594578792296
12.041594578792296
11.045361017187261
11.045361017187261
10.198039027185569
11.180339887498949
12.36931687685298
12.165525060596439
13.341664064126334
13.341664064126334
14.317821063276353
14.560219778561036
15.524174696260024
15.811388300841896
16.76305461424021
17.08800749063506
17.08800749063506
16.15549442140351
16.15549442140351
16.15549442140351
16.55294535724685
16.55294535724685
15.652475842498529
17.0
17.0
17.0
17.4928556845359
17.4928556845359
17.4928556845359
16.64331697709324
17.204650534085253
17.804493814764857
18.601075237738275
17.204650534085253
17.804493814764857
17.029386365926403
17.69180601295413
17.69180601295413
17.69180601295413
18.439088914585774
19.79898987322333
21.213203435596427
21.213203435596427
21.93171219946131
21.2602916254693
22.67156809750927
23.430749027719962
24.20743687382041
22.80350850198276
25.0
25.80697580112788
24.413111231467404
25.238858928247925
26.076809620810597
25.553864678361276
27.784887978899608
26.419689627245813
28.653097563788805
28.653097563788805
29.068883707497267
30.870698080866262
31.78049716414141
30.463092423455635
31.38470965295043
33.24154027718932
32.31098884280702
31.953090617340916
31.622776601683793
29.410882339705484
29.120439557122072
27.202941017470888
25.96150997149434
24.515301344262525
23.53720459187964
23.53720459187964
22.360679774997898
23.345235059857504
24.331050121192877
27.294688127912362
36.22154055254967
45.27692569068709
39.20459156782532
34.058772731852805
29.017236257093817
27.018512172212592
26.0
